processing_start_time:2022-03-08 19:45:23
train_data_date:20220305
shape:(20874, 19)
model_file:/home/ec2-user/property_valuation_calculator/model/20220308/ensemble_20220305.pickle
predicting done.
end_time:2022-03-08 19:45:24.820776
processing_time:0:00:01.095024
