processing_start_time:2022-03-08 21:50:58
train_data_date:20220305
shape:(20874, 19)
model_file:/home/ec2-user/property_valuation_calculator/model/20220308/ensemble_20220305.pickle
predicting done.
end_time:2022-03-08 21:50:59.457780
processing_time:0:00:01.128119
